A = [16 8 0 0; 8 34 9 0; 0 9 32 7; 0 0 7 14]
b = [2.25; -0.25; 4.8571; -3.8571]

A\b
